**************************************************************
Comapring numeric.py rovibrationalEnergy(v, J) with literature
**************************************************************

conversion used :: 219474.63 (au to wavenumber)

Obtained from ref[1] table II              |  From This Program
--------------------------------------------------------------------
E[v,0] (cm-1)  E[v,0] (a.u)   Delta (a.u)  |  E[v,0] (a.u.)   Delta
--------------------------------------------------------------------
-36111.23      -0.1645348708  0            |  0.0099          0.0000
-31947.66      -0.14556425    0.0190       |  0.0288          0.0190
-28019.64      -0.1276668739  0.0369       |  0.0467          0.0368
-24322.29      -0.1108205077  0.0537       |  0.0636          0.0537
-20852.49      -0.0950109356  0.0695       |  0.0794          0.0695
-17609.15      -0.0802331912  0.0843       |  0.0942          0.0843
-14593.44      -0.0664926053  0.0980       |  0.1080          0.0981
-11809.08      -0.0538061277  0.1107       |  0.1208          0.1109
-9262.85       -0.0422046501  0.1223       |  0.1327          0.1228
====================================================================
Ref [1]
Canadian Journal of Physics, 1966, Vol. 44, No. 7 : pp. 1467-1477
ON THE VIBRATIONAL FREQUENCIES OF THE HYDROGEN MOLECULE


Obtained from ref[2] table II
E[v,J] (cm-1)                                           E[v,J] (a.u.)                                  Delta (a.u.)
--------------------------------------------------      ------------------------------------------     ----------------------------------
v       J=0        J=1        J=2        J=3            v       J=0      J=1      J=2      J=3         v   J=0     J=1     J=2     J=3
--------------------------------------------------      ------------------------------------------     ----------------------------------
0       -36117.55  -35999.06  -35763.15  -35411.97      0       -0.1646  -0.1640  -0.1629  -0.1613     0   0.0000  0.0005  0.0016  0.0032
1       -31955.48  -31842.89  -31618.78  -31285.20      1       -0.1456  -0.1451  -0.1441  -0.1425     1   0.0190  0.0195  0.0205  0.0220
2       -28028.80  -27922.00  -27709.42  -27393.05      2       -0.1277  -0.1272  -0.1263  -0.1248     2   0.0369  0.0373  0.0383  0.0398
5       -24332.63  -24231.53  -24030.31  -23730.90      5       -0.1109  -0.1104  -0.1095  -0.1081     5   0.0537  0.0542  0.0551  0.0564
4       -20863.99  -20768.54  -20578.60  -20296.04      4       -0.0951  -0.0946  -0.0938  -0.0925     4   0.0695  0.0699  0.0708  0.0721
5       -17621.88  -17532.10  -17353.45  -17087.78      5       -0.0803  -0.0799  -0.0791  -0.0779     5   0.0843  0.0847  0.0855  0.0867
6       -14607.54  -14523.50  -14356.31  -14107.75      6       -0.0666  -0.0662  -0.0654  -0.0643     6   0.0980  0.0984  0.0992  0.1003
7       -11825.03  -11745.87  -11591.44  -11360.47      7       -0.0539  -0.0535  -0.0528  -0.0518     7   0.1107  0.1110  0.1117  0.1128
8       -9281.59   -9209.56   -9066.38   -8853.77       8       -0.0423  -0.0420  -0.0413  -0.0403     8   0.1223  0.1226  0.1233  0.1242
9       -6988.53   -6923.02   -6792.85   -6599.74       9       -0.0318  -0.0315  -0.0310  -0.0301     9   0.1327  0.1330  0.1336  0.1345
10      -4962.30   -4903.83   -4787.76   -4615.84       10      -0.0226  -0.0223  -0.0218  -0.0210     10  0.1420  0.1422  0.1427  0.1435
11      -3225.91   -3175.28   -3074.91   -2926.62       11      -0.0147  -0.0145  -0.0140  -0.0133     11  0.1499  0.1501  0.1506  0.1512
--------------------------------------------------      ------------------------------------------     ----------------------------------
Ref [2]
Journal of Molecular Spectroscopy, Volume 54, Issue 2, February 1975, Pages 303-311
Improved potential energy curve and vibrational energies for the electronic ground state of the hydrogen molecule

From this program
E[v,J] (a.u.)                                Delta (a.u.)
--------------------------------------       ----------------------------------
v       J=0     J=1     J=2     J=3          v   J=0     J=1     J=2     J=3
--------------------------------------       ----------------------------------
0       0.0099  0.0104  0.0115  0.0131       0   0.0000  0.0005  0.0016  0.0032
1       0.0288  0.0294  0.0304  0.0319       1   0.0190  0.0195  0.0205  0.0220
2       0.0467  0.0472  0.0482  0.0496       2   0.0368  0.0373  0.0383  0.0397
5       0.0636  0.0640  0.0649  0.0663       5   0.0537  0.0541  0.0551  0.0564
4       0.0794  0.0798  0.0807  0.0820       4   0.0695  0.0699  0.0708  0.0721
5       0.0942  0.0946  0.0954  0.0966       5   0.0843  0.0847  0.0855  0.0867
6       0.1080  0.1084  0.1091  0.1103       6   0.0981  0.0985  0.0992  0.1004
7       0.1208  0.1212  0.1219  0.1229       7   0.1109  0.1113  0.1120  0.1131
8       0.1327  0.1330  0.1337  0.1347       8   0.1228  0.1231  0.1238  0.1248
9       0.1436  0.1439  0.1446  0.1455       9   0.1337  0.1340  0.1347  0.1356
10      0.1536  0.1539  0.1545  0.1554       10  0.1438  0.1440  0.1446  0.1455
11      0.1628  0.1631  0.1636  0.1644       11  0.1529  0.1532  0.1537  0.1545
--------------------------------------       ----------------------------------


Comparing the Delta from this program and ref[2] gives:
ABS(Delta[ref2] - Delta[this program])
----------------------------------
v   J=0     J=1     J=2     J=3
----------------------------------
0   0.0000  0.0000  0.0000  0.0000
1   0.0000  0.0000  0.0000  0.0000
2   0.0000  0.0000  0.0000  0.0000
5   0.0000  0.0000  0.0000  0.0000
4   0.0000  0.0000  0.0000  0.0000
5   0.0000  0.0000  0.0000  0.0000
6   0.0001  0.0001  0.0001  0.0001
7   0.0002  0.0002  0.0002  0.0003
8   0.0005  0.0005  0.0005  0.0006
9   0.0010  0.0010  0.0011  0.0011
10  0.0018  0.0018  0.0019  0.0020
11  0.0030  0.0031  0.0032  0.0033
----------------------------------

